325729
1497134
7137 3445
12129 10721
12129 10721
203609
0 53968
-1
30
4.35439e+09 10336
2.69168e+09 212843
8.65173e+08 24823
5.47409e+08 32857
5.47409e+08 32856
5.47409e+08 32855
5.47409e+08 32854
4.94505e+08 3479
4.94505e+08 3478
4.06698e+08 63364
4.0592e+08 24944
2.81866e+08 12129
1.85109e+08 124626
1.85109e+08 285925
1.85109e+08 264867
1.85103e+08 248550
1.8508e+08 177383
1.85079e+08 267654
1.85079e+08 243566
1.85079e+08 246021
1.85079e+08 214001
1.83589e+08 166688
1.8358e+08 159951
1.83579e+08 292974
1.73623e+08 238
1.47889e+08 0
1.26861e+08 115838
1.13573e+08 72939
1.1146e+08 1973
1.08132e+08 73860
